          40  1.680442966987033E-006   32.5597429275513     
          38  1.561110232196452E-006   34.2830419540405     
           2  1.441099404014801E-006   608.385318040848     
          36  1.004862083430254E-006   36.8546409606934     
           4  1.132550545781469E-006   304.217639923096     
          34  1.404697486400408E-006   38.9017701148987     
           6  1.262387506544784E-006   202.801381826401     
          32  3.025883160795812E-006   41.2966198921204     
           8  5.636289356972077E-007   152.103934049606     
          30  7.783909718312936E-007   43.4749009609222     
          10  1.712070236470554E-006   121.698725223541     
          28  1.086622619360629E-007   46.4570169448853     
          12  2.249665426437033E-006   101.412518024445     
          26  1.042106515679166E-007   50.5252411365509     
          14  5.375577186512761E-007   86.9602949619293     
          24  7.547421861657902E-007   54.7461302280426     
          16  5.720497769850487E-007   81.9014449119568     
          22  4.148556271650034E-007   59.1152689456940     
          18  4.012654336071057E-007   72.4900240898132     
          20  1.273459962202333E-006   62.8077812194824     
          20  5.902338146056999E-008   66.2274560928345     
