                    10  1.859160744323644E-002  1.730918884277344E-004 (main)
                   100  5.780276311500635E-002  9.703636169433594E-005 (main)
                  1000  8.405691368804070E-003  3.910064697265625E-005 (main)
                 10000  3.944731871445225E-003  4.410743713378906E-005 (main)
                100000  1.780224705628303E-003  9.512901306152344E-005 (main)
               1000000  5.922922434476773E-004  6.420612335205078E-004 (main)
              10000000  1.251406674839481E-004  6.139993667602539E-003 (main)
             100000000  1.081174552445370E-004  6.113314628601074E-002 (main)
            1000000000  1.510921094487866E-005  0.610381841659546      (main)
           10000000000  8.204815057730936E-006   6.20721101760864      (main)
          100000000000  1.251450379103069E-006   62.6867580413818      (main)
         1000000000000  3.937555020238235E-007   637.040352821350      (main)
