          20  3.954387245964928E-007   88.6752729415894     
          18  3.984261094077889E-007   67.9195621013641     
          16  1.381562724581186E-006   109.621501922607     
          14  4.023025410599521E-006   84.7634370326996     
          12  7.633158160660316E-007   142.216006994247     
          10  1.004722027072643E-006   171.314860105515     
           8  1.546569836927986E-006   146.171360015869     
           6  2.692159081105869E-006   192.898998022079     
           4  2.518280765605679E-006   283.615156888962     
           2  1.145733302662678E-006   548.014991998672     
