                    10  0.108732343487168       2.232789993286133E-002
                   100  3.233797292892542E-002  2.019405364990234E-004
                  1000  1.859160744323644E-002  2.009868621826172E-004
                 10000  7.769071614151976E-003  2.088546752929688E-004
                100000  9.143737304860747E-005  3.750324249267578E-004
               1000000  2.039541931099438E-004  1.971006393432617E-003
              10000000  3.668807414851410E-005  1.773691177368164E-002
             100000000  3.393852143251305E-005  0.210550069808960     
            1000000000  5.405852644526397E-006   1.29481601715088     
           10000000000  1.075700401652055E-006   6.33095693588257     
          100000000000  1.177203055392020E-006   86.0425419807434     
         1000000000000  5.412577526604683E-007   857.718340873718     
