           1  0.236056294417573       1.299999999999999E-005
           2  3.233797292892542E-002  5.000000000000013E-006
           3  5.859212350195977E-003  2.000000000000005E-005
           4  5.981915086331756E-003  1.780000000000002E-004
           5  7.870978883711437E-004  1.647000000000000E-003
           6  2.612499710285771E-004  1.659500000000000E-002
           7  2.886246204786238E-004  0.158133000000000     
           8  2.058159435588486E-005   1.57540000000000     
           9  1.085086941033367E-005   15.6812560000000     
          10  2.581096660294365E-006   22.0337230000000     
          11  1.920003315288099E-006   19.0077920000000     
          12  0.273239509304046       5.000000001587068E-006
          13  3.128917900405423E-007   20.5858050000000     
          14  4.019722984703079E-005   4.31728799999999     
          15  0.273239509304046       1.999999994950485E-006
          16  5.747891539101703E-006   29.2384290000000     
