           1  0.236056294417573       1.200000000000007E-005
           2  3.233797292892542E-002  2.200000000000010E-005
           3  5.859212350195977E-003  1.700000000000009E-005
           4  5.981915086331756E-003  1.529999999999999E-004
           5  7.870978883711437E-004  1.644000000000000E-003
           6  2.612499710285771E-004  1.627000000000000E-002
           7  2.886246204786238E-004  0.154164000000000     
           8  2.058159435588486E-005   1.53875100000000     
           9  1.085086941033367E-005   15.3299240000000     
          10  2.581096660294365E-006   21.6093110000000     
          11  1.920003315288099E-006   18.6519630000000     
          12  0.273239509304046       5.999999999062311E-006
